$ 1 0.000005 10.20027730826997 50 5 43 5e-11
L 128 304 112 304 0 1 false 5 0
L 160 368 112 368 0 1 false 5 0
x 316 257 386 260 4 24 DMUX
x 532 308 537 311 4 10 a
x 534 370 539 373 4 10 b
x 102 350 114 353 4 10 sel
x 111 283 118 286 4 10 in
150 240 320 352 320 0 2 0 5
w 352 320 480 320 0
w 160 304 240 304 0
M 480 320 528 320 0 2.5
M 480 384 528 384 0 2.5
I 160 336 240 336 0 0.5 5
150 384 384 480 384 0 2 5 5
w 160 336 160 368 0
w 160 400 384 400 0
w 384 368 352 368 0
w 160 368 352 368 0
w 128 304 128 400 0
w 128 400 160 400 0
w 128 304 160 304 0
