$ 1 0.000005 10.20027730826997 50 5 43 5e-11
185 320 64 432 64 0 1
M 896 64 1008 64 0 2.5
M 896 96 1008 96 0 2.5
M 896 160 1008 160 0 2.5
M 896 128 1008 128 0 2.5
M 896 224 1008 224 0 2.5
M 896 192 1008 192 0 2.5
M 896 288 1008 288 0 2.5
M 896 256 1008 256 0 2.5
L 320 64 128 64 0 1 false 5 0
L 352 336 112 336 0 1 false 5 0
L 480 368 112 368 0 0 false 5 0
L 304 400 112 400 0 1 false 5 0
w 352 336 352 160 0
w 480 368 480 224 0
185 576 192 688 192 0 2
w 640 400 640 352 0
w 608 368 608 352 0
w 896 192 704 192 0
w 704 224 896 224 0
w 896 256 704 256 0
w 704 288 896 288 0
185 448 64 560 64 0 2
w 416 96 416 192 0
w 416 192 576 192 0
w 576 64 896 64 0
w 896 96 576 96 0
w 576 128 896 128 0
w 896 160 576 160 0
w 512 400 512 224 0
w 304 400 512 400 0
w 512 400 640 400 0
w 480 368 608 368 0
x 103 68 113 71 4 14 in
x 59 408 92 411 4 14 sel[0]
x 60 337 93 340 4 14 sel[2]
x 59 373 92 376 4 14 sel[1]
w 448 64 416 64 0
x 1008 60 1015 63 4 14 a
x 1008 94 1015 97 4 14 b
x 1008 125 1015 128 4 14 c
x 1009 154 1016 157 4 14 d
x 1014 192 1021 195 4 14 e
x 1014 224 1017 227 4 14 f
x 1014 259 1021 262 4 14 g
x 1012 288 1019 291 4 14 h
x 478 -36 601 -33 4 24 DMux8Way
