$ 1 0.000005 1.500424758475255 50 5 50 5e-11
L 176 32 112 32 0 0 false 5 0
L 176 288 112 288 0 1 false 5 0
L 448 128 384 128 0 0 false 5 0
L 592 224 528 224 0 0 false 5 0
L 448 384 384 384 0 1 false 5 0
L 592 432 528 432 0 1 false 5 0
L 912 368 848 368 0 1 false 5 0
x 315 138 339 141 4 24 zx
x 459 231 484 234 4 24 nx
x 313 392 337 395 4 24 zy
x 484 434 509 437 4 24 ny
x 815 374 821 377 4 24 f
L 1120 368 1088 368 0 0 false 5 0
x 1046 373 1072 376 4 24 no
x 87 37 99 40 4 24 x
x 86 291 98 294 4 24 y
w 176 32 272 32 0
w 176 288 384 288 0
w 272 32 384 32 0
184 384 32 512 32 0 1
184 528 128 656 128 0 1
w 480 32 528 32 0
w 528 32 528 128 0
w 480 32 480 160 0
I 480 160 528 160 0 0.5 5
184 384 288 512 288 0 1
184 528 336 656 336 0 1
w 480 288 528 288 0
w 528 288 528 336 0
w 480 288 480 368 0
I 480 368 528 368 0 0.5 5
184 848 272 976 272 0 1
196 704 240 752 240 2 1
w 624 128 704 128 0
w 704 128 704 240 0
w 704 128 768 128 0
w 624 272 624 160 0
w 624 160 768 160 0
w 848 144 848 272 0
184 1056 272 1184 272 0 1
w 944 272 1056 272 0
I 1008 304 1056 304 0 0.5 5
w 944 272 944 304 0
w 944 304 1008 304 0
w 704 272 624 272 0
w 624 272 624 336 0
w 800 304 848 304 0
M 1152 272 1232 272 0 2.5
150 768 144 848 144 0 2 0 5
x 1244 279 1277 282 4 24 out
w 1152 272 1152 320 0
w 1152 320 1296 320 0
I 1296 320 1376 320 0 0.5 5
M 1376 320 1424 320 0 2.5
x 1438 324 1457 327 4 24 zr
