$ 1 0.000005 10.20027730826997 50 5 43 5e-11
185 224 176 304 176 0 1
L 224 176 192 176 0 1 false 5 0
L 256 272 192 272 0 0 false 5 0
L 352 304 192 304 0 1 false 5 0
185 320 208 400 208 0 1
185 432 176 512 176 0 1
w 320 176 432 176 0
M 592 160 640 160 0 2.5
M 592 192 640 192 0 2.5
M 592 224 640 224 0 2.5
M 592 256 640 256 0 2.5
w 528 176 592 160 0
w 528 208 592 192 0
w 416 208 592 224 0
w 592 256 416 240 0
w 352 304 464 304 0
w 464 304 464 272 0
x 168 178 177 181 4 12 in
x 155 274 183 277 4 12 sel[1]
x 154 306 182 309 4 12 sel[0]
x 644 154 650 157 4 12 a
x 643 188 649 191 4 12 b
x 642 219 648 222 4 12 c
x 642 253 648 256 4 12 d
x 339 100 462 103 4 24 DMux4Way
