$ 1 0.000005 10.20027730826997 50 5 43 5e-11
L 176 112 128 112 0 1 false 5 0
L 240 336 128 336 0 1 false 5 0
L 160 224 112 224 0 1 false 5 0
150 240 128 352 128 0 2 0 5
w 176 112 240 112 0
w 160 224 192 144 0
152 432 224 528 224 0 2 5 5
w 352 128 432 208 0
150 240 320 352 320 0 2 5 5
I 192 144 240 144 0 0.5 5
w 160 224 192 304 0
w 352 320 432 240 0
w 192 304 240 304 0
M 528 224 576 224 0 2.5
x 260 51 313 54 4 24 MUX
x 126 92 131 95 4 10 a
x 124 315 129 318 4 10 b
x 103 199 115 202 4 10 sel
x 571 203 584 206 4 10 out
